gothic.png
16 8
2 0
0 0
5 17
5 11
10 16
7 19
12 18
0 0
3 11
6 19
5 19
7 11
8 14
4 20
6 14
5 17
7 18
9 17
5 17
7 17
8 17
10 17
7 17
8 17
9 17
8 17
9 17
5 17
5 20
5 14
7 14
6 14
7 17
12 17
10 17
11 17
10 17
11 17
8 17
8 17
10 17
11 17
5 17
6 17
12 18
7 17
14 17
10 17
11 17
10 17
11 19
11 18
8 17
9 17
10 17
11 17
17 17
12 17
11 17
10 17
7 19
7 18
6 19
8 13
8 20
7 4
10 17
11 17
10 17
11 17
8 17
8 17
10 17
11 17
5 17
6 17
12 18
7 17
14 17
10 17
11 17
10 17
11 19
11 18
8 17
9 17
10 17
11 17
17 17
12 17
11 17
10 17
6 19
3 19
6 19
9 13
4 16
11 17
0 0
3 19
9 20
6 19
15 17
9 18
9 18
9 4
18 18
8 17
5 16
14 17
0 0
10 17
0 0
0 0
5 10
3 10
7 12
7 12
7 14
7 14
12 14
8 4
11 10
8 17
5 16
14 17
0 0
10 17
11 17
