westfont.png
16 6
2 0
0 0
3 15
9 6
0 0
12 21
0 0
0 0
6 9
0 0
0 0
0 0
15 15
6 24
15 9
4 19
0 0
14 15
9 15
10 15
12 15
10 15
9 15
10 15
12 15
12 15
11 14
12 15
12 18
0 0
0 0
0 0
9 21
0 0
14 15
13 15
12 15
13 15
9 15
9 15
12 15
12 15
6 15
12 15
13 15
10 15
15 15
13 15
12 15
11 15
12 15
13 15
12 15
12 15
13 15
15 15
15 15
12 15
11 15
12 15
0 0
0 0
0 0
0 0
0 0
0 0
0 0
0 0
0 0
0 0
0 0
0 0
0 0
0 0
0 0
0 0
0 0
0 0
0 0
0 0
0 0
0 0
0 0
0 0
0 0
0 0
0 0
0 0
0 0
0 0
0 0
0 0
0 0
0 0
0 0
0 0
0 0
