standard_font.png
16 16
2 0
0 0
4 23
7 11
13 23
11 25
19 23
15 23
2 11
7 28
5 28
8 13
12 20
3 27
6 18
3 23
6 23
12 23
8 23
12 23
12 23
12 23
12 23
12 23
12 23
12 23
12 23
3 23
3 27
12 20
12 18
12 20
12 23
23 28
15 23
15 23
16 23
16 23
15 23
13 23
16 23
15 23
3 23
10 23
16 23
12 23
18 23
15 23
17 23
15 23
17 24
16 23
15 23
13 23
15 23
15 23
24 23
16 23
15 23
13 23
6 28
6 23
4 28
10 15
13 28
4 8
12 23
12 23
11 23
11 23
12 23
6 23
11 28
11 23
3 23
3 28
12 23
3 23
19 23
11 23
12 23
12 28
11 28
7 23
11 23
6 23
11 23
10 23
18 23
10 23
11 28
10 23
8 28
3 28
6 28
13 16
15 23
12 23
15 23
2 27
12 28
6 27
20 23
12 27
12 27
6 8
24 23
15 23
5 22
23 23
15 23
13 23
15 23
15 23
2 11
2 11
6 11
6 11
6 17
13 17
24 17
7 8
23 15
11 23
6 22
22 23
15 23
10 23
15 23
0 0
4 28
11 28
12 23
12 21
13 23
3 28
12 28
6 7
17 23
6 14
11 22
12 18
6 18
17 23
13 4
8 12
12 23
7 14
7 14
6 8
11 28
12 28
3 15
5 27
5 14
7 14
11 22
19 23
19 23
19 23
12 28
15 23
15 23
15 23
15 23
15 23
15 23
23 23
16 27
15 23
15 23
15 23
15 23
4 23
4 23
5 23
5 23
16 23
15 23
17 23
17 23
17 23
17 23
17 23
10 19
17 24
15 23
15 23
15 23
15 23
15 23
15 23
14 23
12 23
12 23
12 23
12 23
12 23
12 23
20 23
11 27
12 23
12 23
12 23
12 23
4 23
4 23
5 23
5 23
12 23
11 23
12 23
12 23
12 23
12 23
12 23
12 19
12 24
11 23
11 23
11 23
11 23
11 28
12 28
11 28
0 0
0 0
0 0
0 0
0 0
0 0
0 0
0 0
0 0
0 0
0 0
0 0
0 0
0 0
0 0
0 0
0 0
0 0
0 0
0 0
0 0
0 0
0 0
0 0
0 0
0 0
0 0
0 0
0 0
0 0
0 0
0 0
